"","wholesale...1.","PC1","PC2","PC3"
"1",1,0.122149020860224,-0.208844149824003,-0.0299162693208266
"2",1,0.270302585674215,-0.228351098737431,0.00517940387333227
"3",1,0.501108079045511,0.646905338977967,-0.066081503100573
"4",0,-0.473322373632422,0.518792371174759,0.144502982992631
"5",1,0.105772044284277,0.995597024020175,-0.00662145388815913
"6",1,-0.0922033048047224,-0.201800852121359,-0.00701474441091635
"7",1,-0.201750488600407,-0.378291566455683,0.043585267581134
"8",1,0.0901859892310173,-0.154177504415764,0.0308848739042193
"9",0,-0.313500897825416,-0.48128772746524,0.0452618096794279
"10",1,0.980758179189389,-0.544237479822021,-0.00819428853892121
"11",1,0.395921537148004,-0.287757898270464,0.107404345785171
"12",1,-0.565165502295323,-0.144914022010737,0.0708973757127573
"13",1,0.611541909090328,0.551181833204618,-0.11212565170166
"14",1,0.525935086274531,-0.0436820059387684,0.0577203483013209
"15",1,0.52206275990361,0.143577091553338,-0.0585432384527039
"16",0,-0.579893902751816,-0.356057593259816,0.0598295437709011
"17",1,0.345915717260405,-0.761901893893312,0.00953399708521674
"18",0,-0.21284405146569,0.182480963430336,-0.028967537732131
"19",1,0.198018874729186,0.361579963895556,-0.00443978388536082
"20",0,-0.194577015953712,-0.515549875348117,0.0621027655148244
"21",1,-0.192595137662634,0.14382834495686,0.00525637092093387
"22",0,-0.681987799997576,-0.155509446406961,0.124264144019475
"23",0,-0.103960352266341,1.6590467244027,0.122330764375562
"24",1,2.87672376942031,2.78039136229619,-0.41664288663798
"25",1,0.76748689527293,0.831365791089406,-0.0637299350765073
"26",1,-0.0906199976552276,-0.376200622604443,0.0307065265632941
"27",0,-0.633695926677129,-0.00648107581291148,0.105734693897829
"28",0,-0.669493569286312,-0.162183361592127,0.0517795573143448
"29",1,1.91896118877655,-0.228711992817643,-0.126541262437918
"30",0,-0.474821722421743,0.84675170591822,-0.00918645296165208
"31",0,0.0495718072880761,0.227719631064883,-2.0795862823525e-05
"32",0,-0.44343186207523,-0.318318886773789,0.0717597053985628
"33",0,-0.586543303595333,0.00992732207621611,0.0312736683664251
"34",0,-0.210414716779004,0.924424082458999,0.0854600003533059
"35",0,-0.652000899761503,-0.590462035009469,0.070494508909023
"36",1,0.106694790855282,-0.799836764304912,0.0604510025872956
"37",0,-0.102109140401302,0.994390016207225,-0.048748251893146
"38",1,0.600722557573839,-0.258748115825571,0.00907232556276352
"39",1,0.975932805704601,-0.840106647017942,-0.0413415213491911
"40",0,-0.473832689228075,2.43848030838525,0.108263349649686
"41",0,-0.00275233156440292,1.71470119691907,0.0930700957416793
"42",0,-0.139009708496148,0.339861840632451,0.0229117852808697
"43",1,0.529059442434502,-0.726277620812523,0.0223059655268793
"44",1,1.19810355953216,-1.17686950472237,0.0333105263543026
"45",1,0.17654226457514,-0.585532164257085,0.0294097194420024
"46",1,1.72950231326176,-0.051710637567619,-0.131306065041199
"47",1,1.14837849047092,-0.66139238686021,-0.0081607072617694
"48",1,5.85519234137577,1.17732125539354,-0.346962875635395
"49",1,0.267777035682579,-0.361715100600286,0.0131518899308514
"50",1,2.21143554100771,-0.925978811444753,-0.0496600268326982
"51",0,-0.565644709039962,0.123751764320802,0.105938755861317
"52",0,-0.308652929750908,-0.64315859491901,0.0505929076862847
"53",1,-0.150180848699273,0.685802284499508,-0.0349446412110355
"54",1,0.433565196780894,-0.861721806097497,0.0239082934012184
"55",0,-0.589975254804156,0.569038913292447,0.0430913300752068
"56",0,-0.311330178115725,-0.389443680604884,0.0530271279295853
"57",1,2.82592010879918,-0.923638833116475,-0.0970708312214386
"58",1,0.571449250097962,-0.699312761996991,-0.0074329778877317
"59",0,-0.664685215187012,-0.157234046571812,0.0463956294024622
"60",0,-0.025392419009164,-0.450158736422646,0.0153344248139361
"61",1,-0.135443274732328,-0.623251725071124,0.0524157735664107
"62",1,5.17672618223833,-0.42980401470442,-0.206263771973989
"63",1,0.0241028026757476,-0.113813327416713,0.0924340090169599
"64",1,0.880290374076265,-0.348657563173336,0.0255397149029963
"65",0,-0.526014771218777,-0.117147447350969,0.122863355479378
"66",1,3.56954000595368,-1.85684860277654,-0.0447279905002528
"67",0,-0.292634655532425,-0.900200139609458,0.0863158326398072
"68",1,0.380973637125403,-0.14250801589207,0.0134932695352504
"69",0,-0.142435383529336,0.344321305366563,0.0869525991966175
"70",0,-0.63497673679526,-0.359719900280559,0.059659304246947
"71",0,-0.488888743705318,1.01220584109714,0.215917479912916
"72",0,1.10892638848616,1.97151853676306,-0.0694841399661751
"73",0,-0.384544250243959,0.270605924862218,0.203275803436238
"74",1,-0.135986982273231,0.713094810397384,0.147641316653309
"75",1,0.0226291267571504,-0.212938207932103,0.0196019472915115
"76",0,-0.711931831896261,0.514895777775894,0.102415321250808
"77",0,-0.343847439441268,0.0944727961190318,0.186769208276668
"78",1,1.69323547196101,-0.812113176838216,-0.0108154984607285
"79",0,-0.690727751047268,-0.162104368950235,0.0923075158878591
"80",0,-0.419717171065903,-0.405966260758952,0.0504527600022728
"81",0,-0.648454717822872,-0.419324848645119,0.0669461811100779
"82",1,0.647621676798446,-1.05668981132185,0.0303173763229424
"83",1,0.346072221553931,-0.175009866897797,-0.0242611276753324
"84",0,-0.610990026627641,0.262815272926219,0.0630348944557584
"85",1,-0.246533993014903,-0.380069006793471,0.0639607579605544
"86",1,7.76767551807728,-2.05554875556321,-0.246575638315292
"87",1,5.16822428305755,-0.31190460550392,-0.520404381312984
"88",0,0.663196334159089,3.13757553778691,-0.143179369744254
"89",0,-0.617387949858348,0.436036431029562,0.250617292346088
"90",0,-0.236012165034258,0.811296018811943,0.0202271761171036
"91",0,-0.729449474566104,0.0140946039776635,0.115928793343409
"92",0,-0.479504078488327,0.658221651409808,0.186090514177682
"93",1,3.21192770682994,-0.311738266722599,-0.130461632460058
"94",0,-0.265877487141563,3.37848308066676,0.659672990111881
"95",1,0.472590359856978,-0.704541018918617,-0.0135147625263869
"96",0,-0.464323809819717,-0.622234635851474,0.0615234165499897
"97",1,-0.17851973417909,-0.892068442200066,0.07480386308392
"98",0,-0.840338480243281,-0.615765368323112,0.0976740747556646
"99",0,-0.835604200470807,-0.594830102146312,0.0999264694461765
"100",0,-0.627649414025435,0.177045267312075,0.150761454110132
"101",1,0.697098423628878,-0.0116719069875931,0.0329907540220869
"102",1,0.802690677334436,-0.629866519896375,0.0140552428459671
"103",1,0.113726357976751,-0.397207263964906,0.0657133554610608
"104",0,0.079296215168019,3.02591767296998,0.247006610910437
"105",0,-0.489053253664854,-0.132540823422074,0.0599616361844594
"106",0,-0.570489646050679,0.0277429439162182,0.0423370743109439
"107",1,0.386226841541465,-0.74553330089967,0.0228319916170407
"108",1,0.898780867649149,-0.439893638505646,0.027326340144267
"109",1,0.00299560206440269,-0.573928982832601,0.00596666358594752
"110",1,1.02261184887321,-0.824618695465868,-0.0355225651795359
"111",0,-0.609170465239578,0.105737951994245,0.0663434002044454
"112",1,0.844105442954811,-0.391325652903745,-0.0226320378339887
"113",0,-0.391433933548843,1.10007521635432,0.150855960891567
"114",0,-0.541972713536211,0.256374964374525,0.075542783722093
"115",0,-0.632909644105665,0.273284528751964,0.0689991315374337
"116",0,-0.646513394815271,-0.0435291716932975,0.0997928055330062
"117",0,-0.580836220068662,-0.200726509768128,0.0686355989234559
"118",0,-0.3998504070775,-0.206158983866745,0.0546082890101433
"119",0,-0.557390104390714,0.549485758212589,0.116687707389938
"120",0,-0.605278578431151,0.00465371294345717,0.114689234861833
"121",0,-0.580399087387964,0.195985094214113,0.0696966209306712
"122",0,-0.628617733968725,-0.31139934022239,0.0934625516842254
"123",0,-0.782833685977791,-0.00644308852340046,0.0837059066673481
"124",1,0.115426480341781,-0.207621397721221,0.0185554156497615
"125",0,-0.473172194976958,1.09061128596275,0.0640084193089017
"126",0,-0.092756913736417,3.36266978619588,0.198548081168996
"127",0,-0.597762331461054,0.744531488448578,0.179588040493325
"128",1,0.208397727604032,0.284114950106231,-0.0374177776095539
"129",0,-0.267219912522694,-0.697056380841763,0.018130042983246
"130",0,-0.562809605577844,1.03936328911454,-0.00505178437965895
"131",0,-0.618039351693038,0.251074875153089,0.157950842532296
"132",0,-0.821040516360863,-0.562656091781443,0.0793114642271504
"133",0,-0.582905802658376,-0.177125355928509,0.0466282652651859
"134",0,-0.732395275255801,-0.321749423066964,0.0609591435300744
"135",0,-0.66868849210898,-0.335970798620532,0.061200403438936
"136",0,-0.679907602187416,-0.373079436682087,0.0807069943287853
"137",0,0.0604171130160845,-0.0152132241326115,0.0751051564609764
"138",0,-0.147769020969492,-0.593772266878123,0.0278482236258617
"139",0,-0.282705205254303,0.16062729714457,-0.0234888226839739
"140",0,-0.425079247293591,-0.347264706646462,0.0370415372613859
"141",0,-0.159300772184417,0.349208836881454,0.0201420327186645
"142",0,0.0542978812923241,0.551783950355738,-0.103910893553308
"143",0,-0.156455468429835,0.734344524870561,0.00671465554186165
"144",0,-0.652041979586525,0.463830423219075,0.207236948254064
"145",0,-0.559528295606666,-0.0743326852925513,0.0166568607811447
"146",1,1.97135892491997,-0.241494937230296,-0.0612152646251836
"147",0,-0.663064007629954,-0.307006073729447,0.0641669888086772
"148",0,-0.501061156003078,-0.260920168308393,0.0582373414188264
"149",0,-0.75864676976134,-0.0799419294516784,0.140140644421427
"150",0,-0.603889178325583,0.577948816145871,0.000764916053160397
"151",0,-0.630004767127395,0.0319745119935822,0.0374706459472434
"152",0,-0.541126746451735,-0.374054133114198,0.0398303073845962
"153",0,-0.614605535716246,0.172651540729395,0.0907771348600052
"154",0,-0.258265267973357,-0.254954137418595,-0.00730091897239563
"155",0,-0.877515184473829,-0.677401917632763,0.0862578386317579
"156",1,1.2663622505412,-0.935123588592132,-0.00503885343108049
"157",1,0.563902676852698,-0.519134282393938,0.00985522294538663
"158",0,-0.594206074613112,0.1955070302398,0.097535434008694
"159",1,0.156354252733329,-0.513551604188207,0.0285737429637469
"160",1,0.60217096775524,-1.05118863582481,0.0460000754381712
"161",1,0.196412900976089,-0.575658296340715,0.0478171826345367
"162",0,-0.698783316772972,0.1063137658189,0.042159038635204
"163",0,-0.554984790921481,0.0841624054334345,0.0800195721320238
"164",1,1.85316508565701,-0.9831888821241,0.0185338933571412
"165",1,0.0784852707510042,-0.446889374380039,0.0666728259201722
"166",1,1.12225842402106,0.130009223304438,0.0154163035898096
"167",1,0.325185410620345,-0.209833132535346,-0.00364358156980585
"168",0,-0.455614129028655,-0.556312827388488,0.0552744214240266
"169",0,-0.774451945017145,-0.332151089830921,0.0883654856304904
"170",0,-0.702175057887954,-0.220247196528045,0.103764835053203
"171",1,0.529784150441047,-0.915832350984658,0.0486502314427292
"172",1,1.98965165171655,-0.146833113003323,-0.19000686425314
"173",0,-0.151470443940454,-0.69075672294931,0.0421091631116529
"174",1,0.943443932226225,-1.07094881126366,0.0549229687162786
"175",0,-0.530844077897389,-0.3142578067587,0.102954009145802
"176",1,0.306176236987819,-0.635502856392147,0.00304213171375928
"177",0,-0.0637280326395357,1.41619332156628,0.0725892635131164
"178",0,-0.20412808184872,0.243008245093847,-0.00810891035383379
"179",0,-0.32172869533979,-0.188516782468344,0.0211367545164458
"180",0,-0.400270099307871,0.124332737939391,0.0917314488436849
"181",0,-0.00426891974343987,0.00449195362272406,-0.0204176435686681
"182",0,2.28993767585947,5.50722267465211,-0.19862552565887
"183",0,0.394082644063584,-0.951625059953954,0.0378355201936281
"184",0,4.78653996104542,10.6832992453754,-0.400646190239364
"185",0,-0.644452800473177,-0.746451598772573,0.0813471158970181
"186",0,-0.504199606739496,-0.159095033860758,0.0532103722709202
"187",0,-0.696744393060656,-0.22052165612492,0.132906298186425
"188",0,0.133650223484463,-0.213815292565014,0.143349754734402
"189",1,0.436431015364325,-0.479444306302612,0.069920755111861
"190",1,0.457110682530768,-0.596950840083614,-0.0237403837204109
"191",0,-0.435218840535612,0.575606679589114,0.137078254829488
"192",0,-0.781039048649268,-0.186277808341017,0.0712867507081406
"193",0,-0.686945341430057,-0.440659401179439,0.0677490673628759
"194",1,0.470146544930953,-0.955475334656395,0.0824084987759103
"195",0,-0.623661637460915,-0.283527231197737,0.062291822883196
"196",0,-0.253574862349645,0.806629040070889,0.131921721510901
"197",0,-0.0308609984675562,2.37772362699801,-1.36917555182649
"198",1,0.17063163040328,-0.613804488442132,-1.61075663174254
"199",0,-0.456916162685806,-0.0411805173101431,-1.54090478073407
"200",0,-0.684025138832794,-0.376977856279744,-1.59079336848009
"201",1,1.3052508940616,-0.753760058619098,-1.58314770749816
"202",1,1.7711500506665,-0.799899975261609,-1.60777783750194
"203",0,0.41536011529434,1.4463571295472,-1.71363981767236
"204",0,-0.750371501172373,-0.756139754182632,-1.55273739172255
"205",0,-0.61568593003625,-0.439792432735298,-1.56173039050784
"206",1,1.17959918478778,-1.09562344211262,-1.62394837325653
"207",0,-0.811433244834459,-0.451625613470892,-1.56399062939043
"208",1,-0.0873117424725641,-0.631927911403202,-1.53461210311964
"209",0,-0.250504810965527,-0.600232231929046,-1.55985684172181
"210",1,1.20641037863383,-0.990084775742479,-1.63926226459066
"211",0,-0.617858252501039,0.28277709744246,-1.60967847394626
"212",1,3.41758076783468,-0.546362666577219,-1.7213907018834
"213",0,-0.677441628875118,-0.187516229632969,-1.58286229633781
"214",0,-0.0194926246793063,-0.54875413477623,-1.602362054428
"215",1,0.260361464460909,-0.813003556832994,-1.59568630655341
"216",0,0.688896956279432,-0.542801590527801,-1.64719156466482
"217",1,2.16575247907204,-1.40481462858713,-1.66998982362957
"218",0,-0.667731368965347,0.200106018569551,-1.57679462049518
"219",1,0.664860180365526,-0.076688095835032,-1.67940225040306
"220",0,-0.831552612338828,-0.407829681027195,-1.52671950624173
"221",0,-0.757935201598078,-0.0289593899954364,-1.57354450553044
"222",0,0.12105399193473,-0.779696381735826,-1.6214634376347
"223",0,-0.681495192251455,0.133079822142585,-1.43951839114495
"224",1,-0.453430704885849,-0.0222851272456809,-1.49571948913032
"225",0,-0.790288268083197,-0.379044707333803,-1.57280849411472
"226",0,-0.507481445634902,-0.237386905912022,-1.60808745302291
"227",1,-0.00345010564358267,0.122111381590422,-1.63345036845421
"228",0,-0.699429451053136,-0.329957326717489,-1.55042947040131
"229",0,-0.531695334098994,-0.781579199260112,-1.53991888084849
"230",0,-0.553949568547163,0.270081006326255,-1.48160639787328
"231",1,-0.194573665374173,0.628291087174108,-1.50247273290596
"232",0,-0.158260285047303,-0.498850201187511,-1.62739933453513
"233",0,-0.589446169018753,0.203415153300613,-1.62633413006225
"234",0,-0.549608628181841,-0.653597896536265,-1.58156381750724
"235",0,-0.44905497672299,0.461488260038242,-1.56993774778134
"236",0,-0.428456042086246,-0.574340613780324,-1.59249196252695
"237",0,-0.711214855757859,-0.279754790163848,-1.54025527396797
"238",0,-0.60402233359717,0.471899298467241,-1.55956499316167
"239",0,-0.854341368272938,-0.396437395103867,-1.55861116341353
"240",0,-0.365779056649161,1.51407312124736,-1.61193818912907
"241",0,-0.227471839390224,1.32414975742261,-1.45449046326334
"242",0,-0.610737089262973,0.361542047455195,-1.59768468402325
"243",0,-0.662925818933,0.207025540827446,-1.53703296182892
"244",0,-0.307726439520689,-0.119272180920588,-1.63213448533092
"245",0,0.169859212334986,-0.369567964869353,-1.63371709200333
"246",1,0.653191549598492,-0.738627978247129,-1.63009072646322
"247",0,-0.667020470474131,-0.241686640879861,-1.57059332088286
"248",0,-0.822571502929563,-0.0432582040538014,-1.55931271726248
"249",0,-0.500898788683697,-0.133822974890969,-1.63097769203943
"250",0,-0.548580996898091,0.11260838354005,-1.48764394281854
"251",0,-0.706490732537867,-0.411008875310766,-1.5577336598941
"252",1,3.01831153183984,-0.176999211960636,-1.66491236466808
"253",0,-0.504963508508328,0.368758599691427,-1.46557413818335
"254",0,0.224147893538252,0.270100647650471,-1.6951252958758
"255",0,0.393564795264698,0.503701299287199,-1.68663375203587
"256",0,-0.730935105553039,0.627250674615866,-1.5756727403938
"257",0,-0.439684975877551,-0.347003894509083,-1.61768835161698
"258",0,-0.421116917524539,-0.0299456334304755,-1.5028901614626
"259",0,-0.260881875794252,2.08974572583557,-1.64159649963778
"260",0,-0.194757177985799,1.26012978650197,-1.66322179225812
"261",0,-0.52893435466343,-0.376439971025719,-1.6175064506824
"262",0,-0.765729074897007,0.175711708372842,-1.45782378757571
"263",0,-0.691657628837507,0.141079369036029,-1.60803805788181
"264",0,-0.376463781676425,-0.411777260880574,-1.487187041766
"265",1,0.573965194516015,-0.892636598592516,-1.64167982769488
"266",0,0.976631078069177,0.90702459612673,-1.62540071882557
"267",1,0.835834948219101,-0.557738779925169,-1.62137393859371
"268",0,-0.46740188105906,0.73475367587786,-1.58988519311568
"269",1,0.691463776592623,-0.609029460858596,-1.62131636803549
"270",0,-0.800115704268764,-0.0310889342407875,-1.54593689543856
"271",0,-0.790932021098911,-0.0880414622797157,-1.47162967966046
"272",0,-0.545760402369933,-0.356976528406223,-1.60541415759539
"273",0,-0.235292840530855,-0.56518263177089,-1.63219228385259
"274",0,-0.47240924498932,1.18601411732651,0.046780289114608
"275",0,-0.618919415151945,-0.484284482300449,0.0690156043721428
"276",0,-0.772161579964775,-0.540419907437486,0.0825261841697471
"277",0,-0.191695115638339,0.887771373201425,0.0453388959721267
"278",0,-0.643179761562441,1.1981046066993,0.380759670144072
"279",0,-0.529287093563228,0.40215837466685,0.132767722808678
"280",1,0.149867705213347,0.00295272924628567,0.00631677631863212
"281",0,-0.581151877094242,-0.361758166664075,0.0578087343255821
"282",1,-0.0224916096579994,-0.0293664466103003,-0.00346339638108675
"283",0,-0.258225845377356,1.57405679402018,0.0442031265602726
"284",0,-0.430393846203099,1.29246605529348,0.176913240102066
"285",0,0.167875071579586,2.52654789703691,0.035619389988592
"286",0,-0.601792683344023,0.633505901665218,0.0171559269828347
"287",0,-0.620382260344176,-0.347935200590026,0.0844895092806145
"288",0,-0.516920015917552,0.698539929254238,0.180805272461083
"289",0,-0.727634398224864,-0.0948450029732718,0.0606107689931658
"290",0,-0.755856586347434,0.79880238756538,0.0196272064267962
"291",0,-0.531503625169668,-0.412631224724915,0.0517113132595399
"292",0,-0.532616935519152,-0.195051626079683,0.0839651392306543
"293",0,-0.439032563141138,-0.158624973459228,0.114094355832171
"294",1,0.600615156766707,-0.792014669703191,2.17822573982028
"295",0,-0.300505725335972,0.116740347767598,2.18767069657862
"296",1,-0.374448123173053,-0.631289671608241,2.23591687161904
"297",0,-0.490865495139397,0.152289220770503,2.25260469024423
"298",1,-0.120602331614911,-0.549005669404572,2.2431879128254
"299",1,0.132253015763212,-0.629415429061462,2.21948632992262
"300",0,-0.690674155237718,-0.766824282780977,2.25153663741962
"301",1,0.0125814804588479,-0.0621642192554594,2.16270382976867
"302",1,1.17380374055907,-0.931379143382512,2.19107962352976
"303",1,0.241364212714667,-0.935344020897948,2.22195253369838
"304",1,0.564175507743342,-1.21976857148321,2.25585541766899
"305",1,1.38918424265389,-1.1303329904585,2.20192472261337
"306",1,0.366727434679812,-0.852056168914271,2.17151252245395
"307",1,1.18970018741735,-0.671135096587057,2.16932574404822
"308",0,-0.512425707399324,-0.0482814956020493,2.20999765858336
"309",0,-0.615091698172084,-0.496704047987748,2.23336778237679
"310",1,1.13869436748026,-0.793974756012547,2.11661758317767
"311",0,-0.508314165961653,0.740549244541077,2.45261742831189
"312",0,-0.314782626400923,0.351606728877002,2.23386482177922
"313",1,1.27384798319238,-1.50089658593993,2.287338283225
"314",0,-0.634281049536702,-0.061185195460332,2.30988761053605
"315",0,-0.317979919260509,-0.271814531149898,2.23291626403313
"316",1,0.753118292873992,-0.391163369962219,2.09902526417027
"317",0,-0.604523212643406,-0.200613688561011,2.26621987197635
"318",0,-0.320396692850471,-0.536281590065427,2.22588036738082
"319",0,-0.497496084904583,-0.272348654353716,2.25175101780811
"320",1,1.94535945320002,-0.668676779537449,2.05547680504566
"321",0,-0.520318798057241,-0.598745615404769,2.22098759193107
"322",0,-0.452159143701097,-0.16128097533146,2.25836050231912
"323",0,-0.514702816518971,-0.0117773530867989,2.28881705136093
"324",0,-0.184361270242907,-0.416592094841097,2.23638638697984
"325",0,-0.451520316390569,0.392406734269933,2.20145583534222
"326",0,1.28778194105626,6.76328635081793,3.12125723244031
"327",0,-0.613630063537298,-0.241394758408543,2.28952924584289
"328",0,-0.703468929042077,-0.700111778727077,2.24940367706558
"329",0,-0.433196617500668,0.661655645694514,2.32968267757669
"330",0,-0.486740097714318,-0.118759080443867,2.32237847791095
"331",0,-0.459453965106885,-0.0670014308222812,2.27513444939582
"332",1,1.60519149752134,-0.765967417831872,2.14350977172985
"333",0,-0.430703903455498,0.474042137948888,2.18588338770456
"334",1,4.68048281124223,-2.67726838708934,2.28389790333987
"335",1,-0.377056084228426,1.2722057998859,2.38108505460148
"336",1,0.339875590616139,0.241986285905751,2.14781900233519
"337",0,-0.640868663717876,-0.205067227463353,2.21635735866905
"338",0,-0.534648600414406,0.350123254852007,2.36970965961974
"339",0,-0.433357075429657,0.674579397377843,2.54386147675088
"340",0,-0.377255717638531,0.377912015876743,2.39651627155126
"341",1,0.248472681219031,-0.844752094427191,0.0572013963801193
"342",1,0.285907006253807,-0.555034518463762,0.0290859295763518
"343",0,-0.00542550181571421,-0.688977794010513,0.0358854856583876
"344",1,1.52249554096355,-1.39142823259057,0.0930754707902756
"345",0,-0.711845509105496,-0.360376840362019,0.107818952716338
"346",0,-0.164437560421845,-0.819429393907572,0.0759529228578802
"347",1,0.559252787930204,-0.598914762411267,0.0751029451009142
"348",1,0.3562316484915,0.309939670122341,0.0191819330790814
"349",0,-0.568388750202931,-0.426584761929304,0.0778103009467473
"350",1,1.458042189651,-0.876050750100344,0.0149595488405266
"351",0,-0.678067680250199,-0.304106401116618,0.0895760591887872
"352",1,1.47979778908768,-0.763617408671159,0.0185378760657328
"353",0,-0.756674456717251,-0.590660304080052,0.0894100231304124
"354",1,0.866036334913724,-1.07881751647135,0.045752686823917
"355",0,-0.165317167375826,0.657772180996291,0.0835523206068322
"356",0,-0.757655590078705,-0.682207581631023,0.0837524845983661
"357",0,-0.775481028436303,0.398501605569455,0.0889050930970423
"358",1,0.488214722621366,-1.20410652513261,0.0972525088930491
"359",0,0.321659859058075,0.58916100235694,-0.0170567019846239
"360",0,-0.480193594586042,-0.522724487208768,0.031203863945995
"361",0,-0.564157095825124,0.228863774752969,0.0637831898613682
"362",0,-0.777069968367625,-0.392926753644198,0.0887418199279414
"363",0,-0.664156741718807,-0.507306850337242,0.0693739457243399
"364",0,-0.554182856068337,-0.593115729651055,0.0713449480788426
"365",0,-0.716856277578092,-0.482132005283169,0.0890469339085091
"366",1,0.198103413057479,-0.199873640896101,0.020363486772982
"367",0,-0.657610742593427,-0.233538341432313,0.0640418234732155
"368",0,-0.774212394077191,-0.41524941455604,0.0948728226148666
"369",0,-0.646387570618921,0.261969331332846,0.0602197234705585
"370",0,-0.808030878774481,-0.367097697510033,0.0870199749942606
"371",1,-0.274299449442677,0.959203949001039,-0.0368682760051204
"372",0,-0.540910657066384,0.794063899579385,0.172901931111051
"373",0,-0.35100528247605,0.163816657382929,-0.00990809989280841
"374",1,0.0178910935236928,0.238454185827917,-0.0111673060658781
"375",0,-0.641062621853471,-0.276920512415032,0.0731299908357788
"376",0,-0.725113867762924,-0.470822979997611,0.0737261844280756
"377",1,0.462859400299886,-0.145052927919444,0.106385248214109
"378",0,-0.484434018356599,0.800963195406156,-0.0208195913161746
"379",0,-0.593708368080066,-0.417508336207183,0.0409922272538467
"380",1,-0.188185966228438,-0.648405386015962,0.0386730537247086
"381",0,-0.623474997547768,0.568273379493717,0.0900792088073225
"382",0,-0.470872184971445,0.899357019671132,0.191433751401576
"383",0,0.132030210350323,0.934692341386837,-0.0393828143986884
"384",0,-0.619083487758279,-0.258086620818799,0.143468241802697
"385",0,1.02255227740565,0.685982231364565,-0.125155798980506
"386",0,-0.673123996615601,0.0435083175964653,0.0875934322477459
"387",0,-0.524214113401026,-0.363379724118142,0.0772075130046483
"388",0,-0.617470189883779,0.274372531383241,0.0494656062154102
"389",0,-0.738076019539686,-0.189017706357311,0.0850764158961535
"390",0,-0.672860302295316,-0.0333883307781969,0.101489015125352
"391",0,-0.665355620260319,0.0487682888216719,0.159611061282666
"392",0,-0.559080636270919,-0.289098902087445,0.0477140016945873
"393",0,-0.514159738427396,-0.545795247330968,0.054041452526573
"394",0,-0.261667930241187,0.988268084160723,0.132660475259091
"395",0,-0.658770237324946,-0.148082854046366,0.0737671619744633
"396",0,-0.666598518038653,-0.115066357338352,0.108405606204545
"397",1,0.390968425016426,-0.147276576801356,0.0024240528269536
"398",0,-0.645228148198998,0.41691236699186,0.166918863304508
"399",0,-0.741487975373948,0.211386283748212,0.152449858626039
"400",0,-0.742746473863808,-0.21671748099202,0.0873172652948063
"401",0,-0.702002596020688,-0.0934083607314458,0.122476316126755
"402",0,-0.428455416484457,1.68846207518197,0.227659637621187
"403",0,-0.406128228859335,0.195261714347666,-0.00941648447101309
"404",0,-0.102353965982785,0.184260307780903,-0.0595231043764342
"405",0,-0.380525236478436,0.349112865602214,0.0834824461191019
"406",0,-0.706454460696468,-0.262697897510139,0.098338851046451
"407",0,-0.226868051845655,1.10895600365871,0.166244361560316
"408",1,1.01547519621336,-0.551550085277476,0.0311813044267585
"409",1,-0.232392627298235,-0.388761726569532,0.070225118211258
"410",0,-0.0331351088456338,0.376555660737327,0.00939024167342548
"411",0,-0.365161934715383,-0.211244117082985,0.0575174674343007
"412",0,-0.348654388373642,0.0897122165038714,0.0177519120625896
"413",0,-0.0457877725039109,-0.920211512410144,0.0667252152428419
"414",0,-0.0951381984407485,1.42584330583228,0.340206254714518
"415",0,-0.5239843686778,0.000782065279694712,0.163915083288526
"416",1,0.085594775105108,-0.227653805504179,0.0325667765811099
"417",1,0.560726826852887,-0.655836525942277,0.00427059281705247
"418",0,0.0923028196903176,-0.586956114572824,0.0308058828505574
"419",1,0.715469102820698,-0.986588132406517,0.0242260686473021
"420",0,-0.416569851885346,-0.209114840710339,0.0288549409360744
"421",0,0.413166884054013,-0.758381835560511,0.0306717716965333
"422",1,0.0511112178678267,-0.0188502992568751,0.0117438211693851
"423",0,-0.475995905272655,0.312301461266861,0.0191864742425548
"424",1,-0.339303392603868,-0.045060908070981,0.0334574634860035
"425",1,-0.0173079083068255,-0.293436447063613,0.0492876390324054
"426",0,-0.447660810827472,1.36958505315424,0.305439908142116
"427",0,0.581530459954044,-0.0189651884650282,0.0256457316901456
"428",0,0.329272431927487,1.9566199016262,0.151196886113812
"429",0,-0.335343859680145,-0.393381235005859,0.0699935742011857
"430",0,-0.515047479805191,-0.111306233580252,0.0171108368749472
"431",0,0.060994009902248,-0.432294794738682,0.0277298083063316
"432",0,-0.160226221042762,0.995962739215921,0.259359534609552
"433",0,-0.496241752202708,-0.047952637382253,0.0352417414859046
"434",0,-0.568282302572748,-0.298610184239582,0.0635523815162965
"435",0,-0.158425892532879,-0.144694885797568,0.025640175967348
"436",0,0.538730454528791,1.71583603105288,0.141672245316965
"437",0,-0.549814056794208,1.30621573506925,0.0411928098541459
"438",1,2.13042426790843,-0.772322354807105,-0.0537474013495967
"439",0,-0.559455600107922,0.000421678861678045,0.0360755489555722
"440",0,-0.674126088580359,-0.635893931712285,0.0686204951650604
